39756310 ssh5.vast.ai 36310 5 1 29 q5-s1
39757460 ssh5.vast.ai 37460 6 1 29 q6-s1
39757462 ssh4.vast.ai 37462 6 30 58 q6-s2
39757470 ssh2.vast.ai 37470 6 59 87 q6-s3
39757483 ssh6.vast.ai 37482 7 30 58 q7-s2
39757489 ssh5.vast.ai 37488 7 88 114 q7-s4
39757496 ssh9.vast.ai 37496 8 59 87 q8-s3
39757498 ssh1.vast.ai 37498 8 88 114 q8-s4
39760825 ssh1.vast.ai 10824 5 30 58 q5-s2
39760832 ssh4.vast.ai 10832 5 59 87 q5-s3
39760835 ssh3.vast.ai 10834 5 88 114 q5-s4
39760838 ssh1.vast.ai 10838 6 88 114 q6-s4
39760844 ssh1.vast.ai 10844 7 1 29 q7-s1
39760848 ssh3.vast.ai 10848 7 59 87 q7-s3
39760853 ssh6.vast.ai 10852 8 1 29 q8-s1
39760860 ssh8.vast.ai 10860 8 30 58 q8-s2
