39756310 ssh5.vast.ai 36310 5 1 29 q5-s1
39757450 ssh2.vast.ai 37450 5 30 58 q5-s2
39757453 ssh6.vast.ai 37452 5 59 87 q5-s3
39757457 ssh2.vast.ai 37456 5 88 114 q5-s4
39757460 ssh5.vast.ai 37460 6 1 29 q6-s1
39757462 ssh4.vast.ai 37462 6 30 58 q6-s2
39757470 ssh2.vast.ai 37470 6 59 87 q6-s3
39757473 ssh3.vast.ai 37472 6 88 114 q6-s4
39757480 ssh6.vast.ai 37480 7 1 29 q7-s1
39757483 ssh6.vast.ai 37482 7 30 58 q7-s2
39757486 ssh5.vast.ai 37486 7 59 87 q7-s3
39757489 ssh5.vast.ai 37488 7 88 114 q7-s4
39757492 ssh6.vast.ai 37492 8 1 29 q8-s1
39757495 ssh9.vast.ai 37494 8 30 58 q8-s2
39757496 ssh9.vast.ai 37496 8 59 87 q8-s3
39757498 ssh1.vast.ai 37498 8 88 114 q8-s4
