15 1903  0 -0.6 0  0 0 0   1.629795026166401e-06  
15 1903  0 -0.594 0  0.006 0 0   1.629795026166401e-06  
15 1903  0 -0.588 0  0.012 0 0   1.629795026166401e-06  
15 1903  0 -0.582 0  0.018 0 0   1.629795026166401e-06  
15 1903  0 -0.576 0  0.024 0 0   1.629795026166401e-06  
15 2079  0 -0.57 0  0.03 0 0   3.46073901272076e-06  
15 2079  0 -0.5639999999999999 0  0.036 0 0   3.46073901272076e-06  
15 2079  0 -0.5579999999999999 0  0.042 0 0   3.46073901272076e-06  
15 2079  0 -0.5519999999999999 0  0.048 0 0   3.46073901272076e-06  
15 720  0 -0.5459999999999999 0  0.054 0 0   5.364514676838343e-06  
15 720  0 -0.54 0  0.06 0 0   5.364514676838343e-06  
15 720  0 -0.534 0  0.066 0 0   5.364514676838343e-06  
15 720  0 -0.528 0  0.07199999999999999 0 0   5.364514676838343e-06  
15 1909  0 -0.522 0  0.078 0 0   1.084660364073325e-05  
15 1909  0 -0.516 0  0.08400000000000001 0 0   1.084660364073325e-05  
15 1909  0 -0.51 0  0.09 0 0   1.084660364073325e-05  
15 1909  0 -0.504 0  0.096 0 0   1.084660364073325e-05  
15 1285  0 -0.498 0  0.102 0 0   1.484194220746687e-05  
15 1285  0 -0.492 0  0.108 0 0   1.484194220746687e-05  
15 1285  0 -0.486 0  0.114 0 0   1.484194220746687e-05  
15 1285  0 -0.48 0  0.12 0 0   1.484194220746687e-05  
15 1358  0 -0.474 0  0.126 0 0   2.691178922544784e-05  
15 1358  0 -0.468 0  0.132 0 0   2.691178922544784e-05  
15 1358  0 -0.462 0  0.138 0 0   2.691178922544784e-05  
15 1358  0 -0.456 0  0.144 0 0   2.691178922544784e-05  
15 1358  0 -0.45 0  0.15 0 0   2.691178922544784e-05  
15 2016  0 -0.444 0  0.156 0 0   3.509627141739536e-05  
15 2016  0 -0.4379999999999999 0  0.162 0 0   3.509627141739536e-05  
15 2016  0 -0.4319999999999999 0  0.168 0 0   3.509627141739536e-05  
15 2016  0 -0.426 0  0.174 0 0   3.509627141739536e-05  
15 1336  0 -0.42 0  0.18 0 0   5.159076961097475e-05  
15 1336  0 -0.414 0  0.186 0 0   5.159076961097475e-05  
15 1336  0 -0.408 0  0.192 0 0   5.159076961097475e-05  
15 1336  0 -0.402 0  0.198 0 0   5.159076961097475e-05  
15 2082  0 -0.396 0  0.204 0 0   8.005546367806363e-05  
15 2082  0 -0.39 0  0.21 0 0   8.005546367806363e-05  
15 2082  0 -0.384 0  0.216 0 0   8.005546367806363e-05  
15 2082  0 -0.378 0  0.222 0 0   8.005546367806363e-05  
15 1568  0 -0.372 0  0.228 0 0   0.0001076173824595058  
15 1568  0 -0.366 0  0.234 0 0   0.0001076173824595058  
15 1568  0 -0.36 0  0.24 0 0   0.0001076173824595058  
15 1568  0 -0.354 0  0.246 0 0   0.0001076173824595058  
15 1288  0 -0.348 0  0.252 0 0   0.0001654479569007941  
15 1288  0 -0.342 0  0.258 0 0   0.0001654479569007941  
15 1288  0 -0.336 0  0.264 0 0   0.0001654479569007941  
15 1288  0 -0.33 0  0.27 0 0   0.0001654479569007941  
15 554  0 -0.324 0  0.276 0 0   0.0002567699319805535  
15 554  0 -0.318 0  0.282 0 0   0.0002567699319805535  
15 554  0 -0.312 0  0.288 0 0   0.0002567699319805535  
15 554  0 -0.306 0  0.294 0 0   0.0002567699319805535  
15 554  0 -0.3 0  0.3 0 0   0.0002567699319805535  
15 1716  0 -0.294 0  0.306 0 0   0.0003967343894254965  
15 1716  0 -0.288 0  0.312 0 0   0.0003967343894254965  
15 1716  0 -0.282 0  0.318 0 0   0.0003967343894254965  
15 1716  0 -0.276 0  0.324 0 0   0.0003967343894254965  
15 1083  0 -0.27 0  0.33 0 0   0.0006357418442908923  
15 1083  0 -0.264 0  0.336 0 0   0.0006357418442908923  
15 1083  0 -0.258 0  0.342 0 0   0.0006357418442908923  
15 1083  0 -0.252 0  0.348 0 0   0.0006357418442908923  
15 1876  0 -0.246 0  0.354 0 0   0.000995264328335043  
15 1876  0 -0.24 0  0.36 0 0   0.000995264328335043  
15 1876  0 -0.234 0  0.366 0 0   0.000995264328335043  
15 1876  0 -0.228 0  0.372 0 0   0.000995264328335043  
15 907  0 -0.222 0  0.378 0 0   0.001522312064630617  
15 907  0 -0.216 0  0.384 0 0   0.001522312064630617  
15 907  0 -0.21 0  0.39 0 0   0.001522312064630617  
15 907  0 -0.204 0  0.396 0 0   0.001522312064630617  
15 1298  0 -0.198 0  0.402 0 0   0.002881607842119945  
15 1298  0 -0.1919999999999999 0  0.408 0 0   0.002881607842119945  
15 1298  0 -0.186 0  0.414 0 0   0.002881607842119945  
15 1298  0 -0.18 0  0.42 0 0   0.002881607842119945  
15 1850  0 -0.174 0  0.426 0 0   0.005062062148408052  
15 1850  0 -0.168 0  0.432 0 0   0.005062062148408052  
15 1850  0 -0.162 0  0.438 0 0   0.005062062148408052  
15 1850  0 -0.156 0  0.444 0 0   0.005062062148408052  
15 1850  0 -0.15 0  0.45 0 0   0.005062062148408052  
15 1762  0 -0.144 0  0.456 0 0   0.00995497540376355  
15 1762  0 -0.138 0  0.462 0 0   0.00995497540376355  
15 1762  0 -0.132 0  0.468 0 0   0.00995497540376355  
15 1762  0 -0.126 0  0.474 0 0   0.00995497540376355  
15 835  0 -0.12 0  0.48 0 0   0.02918275720441732  
15 835  0 -0.114 0  0.486 0 0   0.02918275720441732  
15 835  0 -0.108 0  0.4919999999999999 0 0   0.02918275720441732  
15 835  0 -0.102 0  0.4979999999999999 0 0   0.02918275720441732  
15 1468  0 -0.09599999999999997 0  0.504 0 0   0.04562368674863231  
15 1468  0 -0.08999999999999997 0  0.51 0 0   0.04562368674863231  
15 1468  0 -0.08399999999999996 0  0.516 0 0   0.04562368674863231  
15 1468  0 -0.07799999999999996 0  0.522 0 0   0.04562368674863231  
15 936  0 -0.07199999999999995 0  0.528 0 0   0.06036629170691797  
15 936  0 -0.06599999999999995 0  0.534 0 0   0.06036629170691797  
15 936  0 -0.05999999999999994 0  0.54 0 0   0.06036629170691797  
15 936  0 -0.05399999999999994 0  0.546 0 0   0.06036629170691797  
15 934  0 -0.04799999999999993 0  0.552 0 0   0.06623207739969407  
15 934  0 -0.04199999999999993 0  0.5580000000000001 0 0   0.06623207739969407  
15 934  0 -0.03600000000000003 0  0.5639999999999999 0 0   0.06623207739969407  
15 934  0 -0.03000000000000003 0  0.57 0 0   0.06623207739969407  
15 931  0 -0.02400000000000002 0  0.576 0 0   0.06829116910291023  
15 931  0 -0.01800000000000002 0  0.582 0 0   0.06829116910291023  
15 931  0 -0.01200000000000001 0  0.588 0 0   0.06829116910291023  
15 931  0 -0.006000000000000005 0  0.594 0 0   0.06829116910291023  
15 931  0 0 0  0.6 0 0   0.06829116910291023  
15 932  0 0.006000000000000005 0  0.606 0 0   0.06842192986756554  
15 932  0 0.01200000000000001 0  0.612 0 0   0.06842192986756554  
15 932  0 0.01800000000000002 0  0.618 0 0   0.06842192986756554  
15 932  0 0.02400000000000002 0  0.624 0 0   0.06842192986756554  
15 930  0 0.03000000000000003 0  0.63 0 0   0.06656553398761629  
15 930  0 0.03600000000000003 0  0.636 0 0   0.06656553398761629  
15 930  0 0.04200000000000004 0  0.642 0 0   0.06656553398761629  
15 930  0 0.04800000000000004 0  0.648 0 0   0.06656553398761629  
15 933  0 0.05400000000000005 0  0.654 0 0   0.06131357452951204  
15 933  0 0.06000000000000005 0  0.66 0 0   0.06131357452951204  
15 933  0 0.06600000000000006 0  0.666 0 0   0.06131357452951204  
15 933  0 0.07200000000000006 0  0.672 0 0   0.06131357452951204  
15 929  0 0.07799999999999996 0  0.6779999999999999 0 0   0.04827089005012635  
15 929  0 0.08399999999999996 0  0.6839999999999999 0 0   0.04827089005012635  
15 929  0 0.08999999999999997 0  0.6899999999999999 0 0   0.04827089005012635  
15 929  0 0.09599999999999997 0  0.696 0 0   0.04827089005012635  
15 906  0 0.102 0  0.702 0 0   0.02496233697625714  
15 906  0 0.108 0  0.708 0 0   0.02496233697625714  
15 906  0 0.114 0  0.714 0 0   0.02496233697625714  
15 906  0 0.12 0  0.72 0 0   0.02496233697625714  
15 871  0 0.126 0  0.726 0 0   0.01465081865466452  
15 871  0 0.132 0  0.732 0 0   0.01465081865466452  
15 871  0 0.138 0  0.738 0 0   0.01465081865466452  
15 871  0 0.144 0  0.744 0 0   0.01465081865466452  
15 871  0 0.15 0  0.75 0 0   0.01465081865466452  
15 1879  0 0.156 0  0.756 0 0   0.006006280120505777  
15 1879  0 0.162 0  0.762 0 0   0.006006280120505777  
15 1879  0 0.168 0  0.768 0 0   0.006006280120505777  
15 1879  0 0.174 0  0.774 0 0   0.006006280120505777  
15 1527  0 0.18 0  0.78 0 0   0.003179218027240653  
15 1527  0 0.1860000000000001 0  0.786 0 0   0.003179218027240653  
15 1527  0 0.1920000000000001 0  0.792 0 0   0.003179218027240653  
15 1527  0 0.1980000000000001 0  0.798 0 0   0.003179218027240653  
15 1648  0 0.2040000000000001 0  0.804 0 0   0.001791001161806355  
15 1648  0 0.2100000000000001 0  0.8100000000000001 0 0   0.001791001161806355  
15 1648  0 0.2160000000000001 0  0.8160000000000001 0 0   0.001791001161806355  
15 1648  0 0.2220000000000001 0  0.8220000000000001 0 0   0.001791001161806355  
15 1286  0 0.228 0  0.828 0 0   0.001054506033094064  
15 1286  0 0.234 0  0.834 0 0   0.001054506033094064  
15 1286  0 0.24 0  0.84 0 0   0.001054506033094064  
15 1286  0 0.246 0  0.846 0 0   0.001054506033094064  
15 1642  0 0.252 0  0.852 0 0   0.0006634778290444392  
15 1642  0 0.258 0  0.858 0 0   0.0006634778290444392  
15 1642  0 0.264 0  0.864 0 0   0.0006634778290444392  
15 1642  0 0.27 0  0.87 0 0   0.0006634778290444392  
15 1673  0 0.276 0  0.876 0 0   0.0003466419673832919  
15 1673  0 0.282 0  0.882 0 0   0.0003466419673832919  
15 1673  0 0.288 0  0.888 0 0   0.0003466419673832919  
15 1673  0 0.294 0  0.894 0 0   0.0003466419673832919  
15 1673  0 0.2999999999999999 0  0.8999999999999999 0 0   0.0003466419673832919  
15 541  0 0.3059999999999999 0  0.9059999999999999 0 0   0.0002187911529591806  
15 541  0 0.3119999999999999 0  0.9119999999999999 0 0   0.0002187911529591806  
15 541  0 0.3179999999999999 0  0.9179999999999999 0 0   0.0002187911529591806  
15 541  0 0.324 0  0.9239999999999999 0 0   0.0002187911529591806  
15 647  0 0.33 0  0.9299999999999999 0 0   0.0002187911529591806  
15 647  0 0.336 0  0.9359999999999999 0 0   0.0002187911529591806  
15 647  0 0.342 0  0.9419999999999999 0 0   0.0002187911529591806  
15 647  0 0.348 0  0.948 0 0   0.0002187911529591806  
15 1809  0 0.354 0  0.954 0 0   0.0001114854800997852  
15 1809  0 0.36 0  0.96 0 0   0.0001114854800997852  
15 1809  0 0.366 0  0.966 0 0   0.0001114854800997852  
15 1809  0 0.372 0  0.972 0 0   0.0001114854800997852  
15 1483  0 0.3779999999999999 0  0.9779999999999999 0 0   7.77699454962035e-05  
15 1483  0 0.3839999999999999 0  0.9839999999999999 0 0   7.77699454962035e-05  
15 1483  0 0.3899999999999999 0  0.9899999999999999 0 0   7.77699454962035e-05  
15 1483  0 0.3959999999999999 0  0.9959999999999999 0 0   7.77699454962035e-05  
15 1210  0 0.402 0  1.002 0 0   5.179337925627455e-05  
15 1210  0 0.408 0  1.008 0 0   5.179337925627455e-05  
15 1210  0 0.414 0  1.014 0 0   5.179337925627455e-05  
15 1210  0 0.42 0  1.02 0 0   5.179337925627455e-05  
15 1068  0 0.426 0  1.026 0 0   2.948082290842861e-05  
15 1068  0 0.4320000000000001 0  1.032 0 0   2.948082290842861e-05  
15 1068  0 0.4380000000000001 0  1.038 0 0   2.948082290842861e-05  
15 1068  0 0.4440000000000001 0  1.044 0 0   2.948082290842861e-05  
15 1068  0 0.4500000000000001 0  1.05 0 0   2.948082290842861e-05  
15 877  0 0.4560000000000001 0  1.056 0 0   2.948082290842861e-05  
15 877  0 0.4620000000000001 0  1.062 0 0   2.948082290842861e-05  
15 877  0 0.4680000000000001 0  1.068 0 0   2.948082290842861e-05  
15 877  0 0.4740000000000001 0  1.074 0 0   2.948082290842861e-05  
15 1573  0 0.4800000000000001 0  1.08 0 0   1.56308162302999e-05  
15 1573  0 0.4860000000000001 0  1.086 0 0   1.56308162302999e-05  
15 1573  0 0.4920000000000001 0  1.092 0 0   1.56308162302999e-05  
15 1573  0 0.4980000000000001 0  1.098 0 0   1.56308162302999e-05  
15 1647  0 0.5040000000000001 0  1.104 0 0   1.093776049894954e-05  
15 1647  0 0.5100000000000001 0  1.11 0 0   1.093776049894954e-05  
15 1647  0 0.5160000000000001 0  1.116 0 0   1.093776049894954e-05  
15 1647  0 0.5220000000000001 0  1.122 0 0   1.093776049894954e-05  
15 1693  0 0.5279999999999999 0  1.128 0 0   7.486293667539216e-06  
15 1693  0 0.5339999999999999 0  1.134 0 0   7.486293667539216e-06  
15 1693  0 0.5399999999999999 0  1.14 0 0   7.486293667539216e-06  
15 1693  0 0.5459999999999999 0  1.146 0 0   7.486293667539216e-06  
15 2081  0 0.5519999999999999 0  1.152 0 0   3.468682600355736e-06  
15 2081  0 0.5579999999999999 0  1.158 0 0   3.468682600355736e-06  
15 2081  0 0.5639999999999999 0  1.164 0 0   3.468682600355736e-06  
15 2081  0 0.57 0  1.17 0 0   3.468682600355736e-06  
15 1935  0 0.576 0  1.176 0 0   1.581916180909911e-06  
15 1935  0 0.582 0  1.182 0 0   1.581916180909911e-06  
15 1935  0 0.588 0  1.188 0 0   1.581916180909911e-06  
15 1935  0 0.594 0  1.194 0 0   1.581916180909911e-06  
15 1935  0 0.6 0  1.2 0 0   1.581916180909911e-06  
